i =

 Columns 1 through 22:

   1   3   2   1   1   1   1   1   1   1   1   1   1   1   1   1   1   1   1   1   1   1

 Columns 23 through 44:

   1   1   1   1   1   1   1   1   1   1   1   1   1   1   1   1   1   1   1   1   1   1

 Columns 45 through 66:

   1   1   1   1   1   1   1   1   1   1   1   1   1   1   1   1   1   1   1   1   1   1

 Columns 67 through 88:

   1   1   1   1   1   1   1   1   1   1   1   1   1   1   1   1   1   1   1   1   1   1

 Columns 89 through 110:

   1   1   1   1   1   1   1   1   1   1   1   1   1   1   1   1   2   1   1   1   1   2

 Columns 111 through 132:

   1   1   1   2   1   1   1   1   1   1   1   2   1   2   2   1   1   1   1   1   1   1

 Columns 133 through 154:

   1   1   1   1   1   1   2   1   2   1   1   1   1   2   1   1   1   1   1   1   1   1

 Columns 155 through 176:

   1   1   1   1   1   1   1   1   1   2   1   1   1   1   1   2   1   1   1   2   1   1

 Columns 177 through 198:

   1   1   1   1   1   1   1   1   1   1   1   2   1   1   1   1   1   1   1   1   2   1

 Columns 199 through 220:

   1   1   2   2   2   2   2   2   2   2   2   2   3   2   2   2   2   2   2   2   3   2

 Columns 221 through 242:

   2   2   2   2   2   2   2   2   2   2   2   2   2   2   2   2   2   2   2   1   2   1

 Columns 243 through 264:

   2   3   2   3   2   2   2   2   2   2   2   2   2   2   2   2   2   2   2   1   2   2

 Columns 265 through 286:

   2   1   2   2   2   2   2   2   2   1   2   2   2   1   2   2   2   2   2   2   2   2

 Columns 287 through 300:

   2   2   2   2   2   2   2   2   2   3   2   2   2   1

